"2023-08-31 06:25 am;","WATCH: Chris Christie Compares Vivek Ramaswamy to ChatGPT   Obama - NowThis
I've had enough already tonight of a guy who sounds like ChatGPT    Former New Jersey Gov. Chris Christie took aim at businessman Vivek Ramaswamy ...
More Info. 
https://nowthisnews.com/news/watch-chris-christie-compares-vivek-ramaswamy-to-chatgpt-obama
#trending","","","linkedin","Akash Mittal","","","","","","2023-08-24-22-55-01-226","https://nowthisnews.com/news/watch-chris-christie-compares-vivek-ramaswamy-to-chatgpt-obama",
"2023-08-31 07:55 am;","Dubbz: The Platform Bridging Traditional Gaming and Web3 - GlobeNewswire
Dubbz: The Platform Bridging Traditional Gaming and Web3 Through Innovative Monetization and Seamless Web3 Onboarding ... AUSTIN, TX, Aug. 22, 2023   ...
More Info. 
https://www.globenewswire.com/news-release/2023/08/23/2730062/0/en/Dubbz-The-Platform-Bridging-Traditional-Gaming-and-Web3-Through-Innovative-Monetization-and-Seamless-Web3-Onboarding.html
#trending","","","linkedin","Akash Mittal","","","","","","2023-08-24-22-55-01-226","https://www.globenewswire.com/news-release/2023/08/23/2730062/0/en/Dubbz-The-Platform-Bridging-Traditional-Gaming-and-Web3-Through-Innovative-Monetization-and-Seamless-Web3-Onboarding.html",
"2023-08-31 09:25 am;","Iman Europe and The Agenda chat mental health, music, Web3 and The Homies DAO
Musician and The Homies DAO founder Iman Europe sat down with The Agenda podcast to discuss how her Web3-based project promotes wellness among ...
More Info. 
https://cointelegraph.com/news/iman-europe-agenda-chat-mental-health-music-web3-homies-dao
#trending","","","linkedin","Akash Mittal","","","","","","2023-08-24-22-55-01-226","https://cointelegraph.com/news/iman-europe-agenda-chat-mental-health-music-web3-homies-dao",
"2023-08-31 10:55 am;","No, ChatGPT Can't Be Your New Research Assistant - The Chronicle of Higher Education
Amy Chatfield, an information services librarian for the Norris Medical Library at the University of Southern California, can hunt down and nbsp ...
More Info. 
https://www.chronicle.com/article/no-chatgpt-cant-be-your-new-research-assistant
#trending","","","linkedin","Akash Mittal","","","","","","2023-08-24-22-55-01-226","https://www.chronicle.com/article/no-chatgpt-cant-be-your-new-research-assistant",
"2023-08-31 12:25 pm;","GOP debate: Vivek Ramaswamy 'sounds like ChatGPT,' Christie gets UFO question
Missed the first Republican presidential primary debate, or found yourself tuning into Trump, instead? Here are some of the most viral moments.
More Info. 
https://www.marketwatch.com/story/gop-debate-highlights-vivek-ramaswamy-sounds-like-chatgpt-chris-christie-gets-stuck-with-the-ufo-question-and-more-74918feb
#trending","","","linkedin","Akash Mittal","","","","","","2023-08-24-22-55-01-226","https://www.marketwatch.com/story/gop-debate-highlights-vivek-ramaswamy-sounds-like-chatgpt-chris-christie-gets-stuck-with-the-ufo-question-and-more-74918feb",
"2023-08-31 01:55 pm;","Chris Christie Lambasts Vivek as Someone Who 'Sounds Like ChatGPT' - The Daily Beast
Instead, Christie complained that he  had enough  of  a guy who sounds like Chat GPT,  striking down Ramaswamy's jeer-riddled rant calling climate ...
More Info. 
https://www.thedailybeast.com/chris-christie-lambasts-vivek-ramaswamy-as-someone-who-sounds-like-chatgpt
#trending","","","linkedin","Akash Mittal","","","","","","2023-08-24-22-55-01-226","https://www.thedailybeast.com/chris-christie-lambasts-vivek-ramaswamy-as-someone-who-sounds-like-chatgpt",
"2023-08-31 03:25 pm;","Using the ChatGPT code interpreter plugin for PPC - Search Engine Land
Explore real-world examples of how to use Code Interpreter to speed up PPC data processing and visualization, insights generation, and more.
More Info. 
https://searchengineland.com/ppc-chatgpt-code-interpreter-plugin-431103
#trending","","","linkedin","Akash Mittal","","","","","","2023-08-24-22-55-01-226","https://searchengineland.com/ppc-chatgpt-code-interpreter-plugin-431103",
"2023-08-31 04:55 pm;","Web3 Security Firm Quantstamp Launches Novel Economic Exploit Analysis Service to ... - WLBT
Web3 Security Firm Quantstamp Launches Novel Economic Exploit Analysis Service to Combat Flash Loan Attacks. Published: Aug.
More Info. 
https://www.wlbt.com/prnewswire/2023/08/23/web3-security-firm-quantstamp-launches-novel-economic-exploit-analysis-service-combat-flash-loan-attacks/?outputType=amp
#trending","","","linkedin","Akash Mittal","","","","","","2023-08-24-22-55-01-226","https://www.wlbt.com/prnewswire/2023/08/23/web3-security-firm-quantstamp-launches-novel-economic-exploit-analysis-service-combat-flash-loan-attacks/?outputType=amp",
"2023-08-31 06:25 pm;","Despite Cheating Fears, Schools Repeal ChatGPT Bans - The New York Times
It was a remarkable turnaround for a district that had blocked student access to ChatGPT on school devices only in February.  I do want students to ...
More Info. 
https://www.nytimes.com/2023/08/24/business/schools-chatgpt-chatbot-bans-walla.html
#trending","","","linkedin","Akash Mittal","","","","","","2023-08-24-22-55-01-226","https://www.nytimes.com/2023/08/24/business/schools-chatgpt-chatbot-bans-walla.html",
"2023-08-31 07:55 pm;","Can Oxford and Cambridge save Harvard from ChatGPT? - Moneycontrol
... top US universities a way to blunt AI cheating and revive real learning. Adrian Wooldridge. August 23, 2023   03:32 PM IST. Chatgpt oxford ...
More Info. 
https://www.moneycontrol.com/news/opinion/can-oxford-and-cambridge-save-harvard-from-chatgpt-11241821.html
#trending","","","linkedin","Akash Mittal","","","","","","2023-08-24-22-55-01-226","https://www.moneycontrol.com/news/opinion/can-oxford-and-cambridge-save-harvard-from-chatgpt-11241821.html",
"2023-08-31 09:25 pm;","South Korea's Naver launches generative AI services to compete with ChatGPT - CNBC
The South Korean search giant is the latest entrant in a market that already includes the likes of OpenAI's ChatGPT, Microsoft's Bard, ...
More Info. 
https://www.cnbc.com/2023/08/24/south-koreas-naver-launches-generative-ai-services-to-compete-with-chatgpt.html
#trending","","","linkedin","Akash Mittal","","","","","","2023-08-24-22-55-01-226","https://www.cnbc.com/2023/08/24/south-koreas-naver-launches-generative-ai-services-to-compete-with-chatgpt.html",
